Theta training data:
T0 = 8499.599649932163
T1 = -0.021448963591692384